function [UbuoyTable, FthrustTable]= DCFthrustTable


%Based on Jonkman steady-state. myThrust_versus_Urel.m
FthrustTable = [0, 0, 108394.947479508,142696.994017067,181707.164589193,225425.459195887,273851.877837147,326986.420512974,384829.087223368,447379.877968330,514638.792747858,586605.831561953,663280.994410615,744664.281293844,830755.692211641,921555.227164003,1017062.88615093,1117278.66917243,1222202.57622849,1331834.60731913,1446174.76244432,1565223.04160409,1349958.38388604,1227084.50397821,1149563.43214608,1090543.49487157,1041281.57472716,998587.329344009,963001.804467339,930952.924112845,901514.178567043,875823.876967676,851888.671435902,829750.977488048,809859.582407389,790814.841208862,773784.117176128,757015.803644776,742525.120692218,728009.123338227,715295.433611793,702403.170445890,691247.117087562,680109.637263193,669955.223140586,660217.816614805,650845.868692679,642302.940660822,633747.608023563,626067.976640115,618361.215788681,611254.916460466,604443.194846050,597736.182314910,591850.837851346,585733.562340144,580156.714608298,574931.275350911,569792.514283145,564745.274996111,559930.498899223,555408.915013767];
UbuoyTable= [0,2.99 3,3.44210526315790,3.88421052631579,4.32631578947368,4.76842105263158,5.21052631578947,5.65263157894737,6.09473684210526,6.53684210526316,6.97894736842105,7.42105263157895,7.86315789473684,8.30526315789474,8.74736842105263,9.18947368421053,9.63157894736842,10.0736842105263,10.5157894736842,10.9578947368421,11.4000000000000,11.4500000000000,11.7974358974359,12.1448717948718,12.4923076923077,12.8397435897436,13.1871794871795,13.5346153846154,13.8820512820513,14.2294871794872,14.5769230769231,14.9243589743590,15.2717948717949,15.6192307692308,15.9666666666667,16.3141025641026,16.6615384615385,17.0089743589744,17.3564102564103,17.7038461538462,18.0512820512821,18.3987179487179,18.7461538461538,19.0935897435897,19.4410256410256,19.7884615384615,20.1358974358974,20.4833333333333,20.8307692307692,21.1782051282051,21.5256410256410,21.8730769230769,22.2205128205128,22.5679487179487,22.9153846153846,23.2628205128205,23.6102564102564,23.9576923076923,24.3051282051282,24.6525641025641,25];

%copied at a different date
% Fthrust_check= [0; 0; 231.452326666667;246.330936082474;256.623188659794;278.381366666667;290.121933333333;301.862513333333;325.310393333333;337.050980412371;360.498853333333;375.558488659794;395.687397435897;407.427989743590;430.875872164948;454.323729381443;477.771628865979;501.219507216495;524.667391191710;548.115263917526;583.270538144330;607.321903092783;641.873624870466;665.321490721650;700.476713917526;735.631960824742;747.372539175258;770.820348969072;794.268295876289;781.813780000000;712.383625773196;679.576235384615;653.913569072165;642.239434020619;618.858118134715;595.476677319588;583.802655670103;572.128633333333;560.454414432990;548.780466666667;537.106442268041;525.432413333333;525.465649222798;513.791563917526;502.117528865979;502.150807216495;490.476693814433;478.802650515464;478.835928865979;467.161900000000;462.367378350515;455.521050515464;443.847015463918;443.880197422680;443.913572164948;432.239440000000;432.272715463918;432.305993814433;420.631972164949;420.665137113402;420.698415463917;420.731693814433;420.764972164948;409.090937113402;409.124149484536;397.450086666667;397.483364248705;394.197557216494;385.842597435897;385.875777319588;385.909049484536;385.942258762887;374.268302061856;374.301580412371;374.334823316062;374.368033333333;374.401313333333;362.727183505155;362.760558762887;362.793804615385;362.827036597938;362.860280412371;362.893564248705; 0; 0];
% V_check= [1; 4.6; 4.75000000000000;5;5.25000000000000;5.50000000000000;5.75000000000000;6;6.25000000000000;6.50000000000000;6.75000000000000;7;7.25000000000000;7.50000000000000;7.75000000000000;8;8.25000000000000;8.50000000000000;8.75000000000000;9;9.25000000000000;9.50000000000000;9.75000000000000;10;10.2500000000000;10.5000000000000;10.7500000000000;11;11.2500000000000;11.5000000000000;11.7500000000000;12;12.2500000000000;12.5000000000000;12.7500000000000;13;13.2500000000000;13.5000000000000;13.7500000000000;14;14.2500000000000;14.5000000000000;14.7500000000000;15;15.2500000000000;15.5000000000000;15.7500000000000;16;16.2500000000000;16.5000000000000;16.7500000000000;17;17.2500000000000;17.5000000000000;17.7500000000000;18;18.2500000000000;18.5000000000000;18.7500000000000;19;19.2500000000000;19.5000000000000;19.7500000000000;20;20.2500000000000;20.5000000000000;20.7500000000000;21;21.2500000000000;21.5000000000000;21.7500000000000;22;22.2500000000000;22.5000000000000;22.7500000000000;23;23.2500000000000;23.5000000000000;23.7500000000000;24;24.2500000000000;24.5000000000000;24.7500000000000; 25; 100];



FthrustTable= FthrustTable./2; %I made this error somewhere?? Adjust to match Jonkman.  Nov. 29, 2016


end