function [dispOut, Fout, dFdq, dq, c33LIN]= nonlinearMooringLines
%UPDATED NOV 30, 2016 USING MAP++
c33LIN= 11940;

%First column is surge displacement
%Second column is surge force
data1= [-36,6705700;-35.9538000000000,6673000;-35.8491000000000,6672900;-35.7446000000000,6640100;-35.7447000000000,6607500;-35.7447000000000,6574800;-35.6402000000000,6542000;-35.5356000000000,6509300;-35.4311000000000,6476500;-35.3265000000000,6443700;-35.2219000000000,6411000;-35.1174000000000,6378200;-35.0128000000000,6345400;-35.0129000000000,6312800;-34.9083000000000,6312700;-34.8037000000000,6279900;-34.8037000000000,6247200;-34.6992000000000,6214500;-34.5947000000000,6181700;-34.5948000000000,6149000;-34.4901000000000,6148900;-34.4902000000000,6116300;-34.3857000000000,6083500;-34.2811000000000,6050700;-34.1764000000000,6050600;-34.1764000000000,6018000;-34.0720000000000,5985200;-33.9674000000000,5952400;-33.8629000000000,5919600;-33.7583000000000,5886900;-33.6537000000000,5854100;-33.5492000000000,5821300;-33.5493000000000,5788700;-33.4445000000000,5788600;-33.4447000000000,5755900;-33.3402000000000,5723100;-33.2356000000000,5690400;-33.2357000000000,5657700;-33.2358000000000,5625100;-33.2359000000000,5592400;-33.1312000000000,5592300;-33.0267000000000,5559500;-33.0267000000000,5526900;-32.9221000000000,5526700;-32.8175000000000,5494000;-32.8176000000000,5461300;-32.7130000000000,5428600;-32.6085000000000,5395800;-32.5040000000000,5363000;-32.3994000000000,5330200;-32.2948000000000,5297500;-32.1903000000000,5264700;-32.0856000000000,5264600;-32.0857000000000,5231900;-32.0858000000000,5199300;-32.0859000000000,5166600;-31.9813000000000,5166500;-31.8767000000000,5133700;-31.7721000000000,5101000;-31.6676000000000,5068200;-31.5630000000000,5035400;-31.4585000000000,5002700;-31.3538000000000,4969900;-31.3540000000000,4937200;-31.2494000000000,4904500;-31.1448000000000,4904300;-31.1449000000000,4871700;-31.1450000000000,4839000;-31.1450000000000,4806400;-31.0404000000000,4806300;-30.9358000000000,4773500;-30.9359000000000,4740800;-30.8313000000000,4740700;-30.7267000000000,4708000;-30.7268000000000,4675300;-30.7269000000000,4642700;-30.6223000000000,4642500;-30.5177000000000,4609800;-30.4131000000000,4577000;-30.3086000000000,4544200;-30.2040000000000,4511500;-30.0995000000000,4478700;-29.9948000000000,4478600;-29.9949000000000,4445900;-29.9950000000000,4413300;-29.9950000000000,4380600;-29.8904000000000,4347800;-29.7859000000000,4347700;-29.7860000000000,4315100;-29.6813000000000,4314900;-29.5768000000000,4282200;-29.4722000000000,4249400;-29.3676000000000,4216600;-29.2631000000000,4183900;-29.1585000000000,4151100;-29.0540000000000,4118300;-29.0541000000000,4085700;-28.9494000000000,4085600;-28.8449000000000,4052800;-28.8449000000000,4020100;-28.8450000000000,3987500;-28.7404000000000,3987400;-28.6358000000000,3954600;-28.6359000000000,3921900;-28.5312000000000,3921800;-28.4267000000000,3889100;-28.3222000000000,3856300;-28.2176000000000,3823500;-28.1130000000000,3790700;-28.0085000000000,3758000;-27.9039000000000,3725200;-27.7993000000000,3692400;-27.6947000000000,3692300;-27.5901000000000,3692200;-27.5901000000000,3659500;-27.5903000000000,3626900;-27.4857000000000,3594100;-27.3811000000000,3561300;-27.2766000000000,3528600;-27.1720000000000,3495800;-27.0675000000000,3463000;-27.0675000000000,3430400;-26.9630000000000,3397600;-26.8582000000000,3397500;-26.8584000000000,3364800;-26.7539000000000,3332100;-26.7540000000000,3299400;-26.6493000000000,3299300;-26.5448000000000,3266500;-26.5448000000000,3233900;-26.4402000000000,3233800;-26.3356000000000,3201000;-26.3357000000000,3168300;-26.3357000000000,3135700;-26.2312000000000,3135600;-26.1266000000000,3102800;-26.1267000000000,3070100;-26.0221000000000,3037400;-25.9175000000000,3037300;-25.8129000000000,3004500;-25.7084000000000,2971700;-25.6037000000000,2971600;-25.4992000000000,2938800;-25.3946000000000,2906100;-25.2901000000000,2873300;-25.1855000000000,2840500;-25.0809000000000,2807700;-25.0810000000000,2775100;-24.9764000000000,2775000;-24.9765000000000,2742300;-24.8719000000000,2709600;-24.7673000000000,2676800;-24.6627000000000,2644000;-24.5582000000000,2611200;-24.4536000000000,2611100;-24.4537000000000,2578500;-24.4538000000000,2545800;-24.3491000000000,2545700;-24.3492000000000,2513000;-24.2446000000000,2512900;-24.1399000000000,2512800;-24.1400000000000,2480200;-24.1401000000000,2447500;-24.0355000000000,2414700;-23.9308000000000,2414600;-23.8263000000000,2381800;-23.7217000000000,2381700;-23.6171000000000,2349000;-23.5126000000000,2316200;-23.4079000000000,2316100;-23.3034000000000,2283300;-23.1987000000000,2283200;-23.1988000000000,2250500;-23.0942000000000,2250400;-22.9895000000000,2250300;-22.9896000000000,2217600;-22.8851000000000,2184900;-22.7804000000000,2184800;-22.6758000000000,2184600;-22.5711000000000,2184500;-22.5712000000000,2151900;-22.4667000000000,2119100;-22.3620000000000,2119000;-22.2575000000000,2086200;-22.1529000000000,2053400;-22.0483000000000,2020700;-21.9437000000000,2020500;-21.8391000000000,2020400;-21.8391000000000,1987800;-21.7346000000000,1955000;-21.6299000000000,1954900;-21.6300000000000,1922200;-21.5255000000000,1889500;-21.4208000000000,1889300;-21.3162000000000,1889200;-21.2115000000000,1889100;-21.2116000000000,1856500;-21.1071000000000,1823700;-21.0024000000000,1823600;-20.8978000000000,1823500;-20.8979000000000,1790800;-20.7933000000000,1758000;-20.6886000000000,1757900;-20.5840000000000,1725100;-20.4795000000000,1725000;-20.3749000000000,1692300;-20.2703000000000,1692100;-20.2703000000000,1659500;-20.1657000000000,1659400;-20.0611000000000,1626600;-19.9566000000000,1593800;-19.8519000000000,1593700;-19.7473000000000,1560900;-19.6428000000000,1528200;-19.5382000000000,1528100;-19.5383000000000,1495400;-19.4337000000000,1462600;-19.3291000000000,1462500;-19.2244000000000,1462400;-19.1198000000000,1462300;-19.1199000000000,1429600;-19.0153000000000,1396900;-18.9106000000000,1396700;-18.8061000000000,1364000;-18.7016000000000,1331200;-18.5970000000000,1298400;-18.4924000000000,1298300;-18.3877000000000,1298200;-18.3878000000000,1265500;-18.2832000000000,1232800;-18.1786000000000,1232600;-18.0740000000000,1232500;-17.9693000000000,1232400;-17.9694000000000,1199800;-17.8648000000000,1167000;-17.7602000000000,1166900;-17.6555000000000,1166800;-17.5509000000000,1166600;-17.4463000000000,1166500;-17.3417000000000,1133800;-17.2371000000000,1101000;-17.1325000000000,1100900;-17.0279000000000,1100700;-16.9232000000000,1100600;-16.8186000000000,1100500;-16.7139000000000,1100400;-16.6093000000000,1100300;-16.6094000000000,1067600;-16.5048000000000,1034900;-16.4002000000000,1034700;-16.2955000000000,1034600;-16.1909000000000,1034500;-16.0862000000000,1034400;-15.9817000000000,1001600;-15.8770000000000,1001500;-15.7724000000000,1001400;-15.6678000000000,968610;-15.5632000000000,968490;-15.4586000000000,935720;-15.3540000000000,935600;-15.2494000000000,935480;-15.1447000000000,935370;-15.0401000000000,935250;-14.9355000000000,902480;-14.8309000000000,869710;-14.7263000000000,869590;-14.6217000000000,869470;-14.5170000000000,869360;-14.4123000000000,869240;-14.3077000000000,869120;-14.3078000000000,836470;-14.2033000000000,803700;-14.0986000000000,803580;-13.9940000000000,803460;-13.8893000000000,803350;-13.7847000000000,803230;-13.6800000000000,803110;-13.5754000000000,802990;-13.5755000000000,770340;-13.4708000000000,737570;-13.3663000000000,737450;-13.2616000000000,737330;-13.1570000000000,737220;-13.0524000000000,737100;-12.9477000000000,736980;-12.8431000000000,736860;-12.8432000000000,704210;-12.7386000000000,671440;-12.6340000000000,671320;-12.5293000000000,671210;-12.4247000000000,671090;-12.3200000000000,670970;-12.2155000000000,638200;-12.1108000000000,638080;-12.0063000000000,605310;-11.9016000000000,605200;-11.7970000000000,605080;-11.6923000000000,604960;-11.5877000000000,604840;-11.4830000000000,572070;-11.3785000000000,571960;-11.2738000000000,571840;-11.1692000000000,